1 0.8708615 0.7781282 0.7115881 0.6557887 0.6164835 0.5797929 0.5527623 0.5267638 0.505415 0.4852371 0.009312814 -0.006356962 -0.001033627 -6.424065e-05 -0.0004670879 0.001075403 -0.00137509 0.001591729 0.001460623 0.001377342 0.0003605523 0.0005532134 0.002825233 0.004690134 0.001687789 0 0
0.8708615 1 0.8955091 0.8207245 0.759137 0.7140767 0.6714872 0.6367933 0.6048224 0.5808681 0.5592138 0.01562699 -0.005507462 0.005792834 0.2005217 0.1741479 0.161471 0.1475699 0.1408182 0.1317113 0.1206225 0.1108325 0.1067703 0.1054025 0.004569669 0.004016463 0 0
0.7781282 0.8955091 1 0.9139765 0.8494142 0.7992237 0.7528506 0.7101433 0.6757508 0.6503668 0.6257147 0.01932529 0.000875457 0.01115289 0.1859016 0.3185017 0.2886076 0.2673006 0.2537268 0.2380216 0.2195972 0.2049905 0.1979397 0.1921157 0.006967541 0.009408003 0 0
0.7115881 0.8207245 0.9139765 1 0.9292563 0.8735765 0.8231664 0.7778298 0.7408136 0.7116464 0.685806 0.0122137 -0.006077663 0.01040934 0.1747186 0.2940424 0.3936074 0.3643397 0.3431809 0.3221668 0.2991257 0.2815042 0.2716016 0.2634391 0.004901179 0.007557536 0 0
0.6557887 0.759137 0.8494142 0.9292563 1 0.9393316 0.8856795 0.8391444 0.7987731 0.7665836 0.7382781 0.01777554 -0.005273412 0.006253369 0.1600074 0.2758288 0.368194 0.4430327 0.4176906 0.3921473 0.3681459 0.3465682 0.3347352 0.3230626 0.002859661 0.01232072 0 0
0.6164835 0.7140767 0.7992237 0.8735765 0.9393316 1 0.9442701 0.8961327 0.8549502 0.8205166 0.789769 0.01243403 -0.01004181 0.00381123 0.1504292 0.2595848 0.3452823 0.4145917 0.4783224 0.4503553 0.4231559 0.4000023 0.386214 0.3715918 -0.0011988 0.006006154 0 0
0.5797929 0.6714872 0.7528506 0.8231664 0.8856795 0.9442701 1 0.9495895 0.9057969 0.869836 0.8375801 0.007289511 -0.01001396 0.00185346 0.1387722 0.2439041 0.32475 0.3893651 0.4513608 0.5055073 0.4753449 0.4511664 0.4365442 0.4198317 0.003604084 0.003108705 0 0
0.5527623 0.6367933 0.7101433 0.7778298 0.8391444 0.8961327 0.9495895 1 0.954672 0.9154221 0.8807316 0.007905247 -0.009855994 -0.0007082606 0.1262539 0.2222667 0.3013134 0.3639419 0.4248488 0.477966 0.5236111 0.4973084 0.4801751 0.4606768 0.002062727 0.004288417 0 0
0.5267638 0.6048224 0.6757508 0.7408136 0.7987731 0.8549502 0.9057969 0.954672 1 0.9588744 0.9223951 0.01265768 -0.01091749 -0.0003774646 0.1178427 0.2084873 0.283398 0.3426994 0.4027643 0.4535284 0.4976471 0.5390688 0.5206272 0.4993668 0.0009693079 0.006651483 0 0
0.505415 0.5808681 0.6503668 0.7116464 0.7665836 0.8205166 0.869836 0.9154221 0.9588744 1 0.9623913 0.009380607 -0.008924783 -0.004583435 0.1102448 0.1964868 0.267987 0.3232233 0.3802095 0.429874 0.4710594 0.5115745 0.5540081 0.5305644 0.0005559786 0.00632802 0 0
0.4852371 0.5592138 0.6257147 0.685806 0.7382781 0.789769 0.8375801 0.8807316 0.9223951 0.9623913 1 0.0072871 -0.008205509 -0.004816677 0.1072968 0.1899564 0.2600099 0.3120799 0.3651834 0.4135351 0.4537707 0.4918664 0.5324548 0.564832 0.00254207 0.006151157 0 0
0.009312814 0.01562699 0.01932529 0.0122137 0.01777554 0.01243403 0.007289511 0.007905247 0.01265768 0.009380607 0.0072871 1 0.02213064 0.004840437 0.01068286 0.01416134 0.007963156 0.01172342 0.01055173 0.005922791 0.01014054 0.01635024 0.01519048 0.01412091 -0.001178854 -0.00529702 0 0
-0.006356962 -0.005507462 0.000875457 -0.006077663 -0.005273412 -0.01004181 -0.01001396 -0.009855994 -0.01091749 -0.008924783 -0.008205509 0.02213064 1 -0.01453418 -0.01248549 -0.008139614 -0.01147211 -0.01325255 -0.01707238 -0.0131706 -0.01215906 -0.01322217 -0.009602439 -0.007979585 0.01191191 0.005883655 0 0
-0.001033627 0.005792834 0.01115289 0.01040934 0.006253369 0.00381123 0.00185346 -0.0007082606 -0.0003774646 -0.004583435 -0.004816677 0.004840437 -0.01453418 1 0.8300307 0.7250178 0.6480589 0.5918752 0.5478338 0.5123372 0.4839979 0.4603747 0.4367869 0.4220226 0.01646725 0.002535317 0 0
-6.424065e-05 0.2005217 0.1859016 0.1747186 0.1600074 0.1504292 0.1387722 0.1262539 0.1178427 0.1102448 0.1072968 0.01068286 -0.01248549 0.8300307 1 0.8697127 0.7832333 0.7156158 0.665061 0.6207091 0.5827886 0.5524508 0.5258707 0.5087985 0.01312318 0.006181814 0 0
-0.0004670879 0.1741479 0.3185017 0.2940424 0.2758288 0.2595848 0.2439041 0.2222667 0.2084873 0.1964868 0.1899564 0.01416134 -0.008139614 0.7250178 0.8697127 1 0.8977452 0.8244314 0.7684373 0.7179843 0.6724 0.6349066 0.6040554 0.5823951 0.01588688 0.01213332 0 0
0.001075403 0.161471 0.2886076 0.3936074 0.368194 0.3452823 0.32475 0.3013134 0.283398 0.267987 0.2600099 0.007963156 -0.01147211 0.6480589 0.7832333 0.8977452 1 0.9183819 0.8548859 0.8004829 0.7514369 0.7098945 0.6771377 0.6525098 0.01550036 0.006806384 0 0
-0.00137509 0.1475699 0.2673006 0.3643397 0.4430327 0.4145917 0.3893651 0.3639419 0.3426994 0.3232233 0.3120799 0.01172342 -0.01325255 0.5918752 0.7156158 0.8244314 0.9183819 1 0.9317605 0.8717963 0.8193609 0.7738786 0.7380672 0.7095439 0.01117709 0.01218343 0 0
0.001591729 0.1408182 0.2537268 0.3431809 0.4176906 0.4783224 0.4513608 0.4248488 0.4027643 0.3802095 0.3651834 0.01055173 -0.01707238 0.5478338 0.665061 0.7684373 0.8548859 0.9317605 1 0.938144 0.8839541 0.8370626 0.7976747 0.7648695 0.00483246 0.004727112 0 0
0.001460623 0.1317113 0.2380216 0.3221668 0.3921473 0.4503553 0.5055073 0.477966 0.4535284 0.429874 0.4135351 0.005922791 -0.0131706 0.5123372 0.6207091 0.7179843 0.8004829 0.8717963 0.938144 1 0.9440886 0.8952278 0.8544079 0.8194761 0.0101465 -0.0009929611 0 0
0.001377342 0.1206225 0.2195972 0.2991257 0.3681459 0.4231559 0.4753449 0.5236111 0.4976471 0.4710594 0.4537707 0.01014054 -0.01215906 0.4839979 0.5827886 0.6724 0.7514369 0.8193609 0.8839541 0.9440886 1 0.9494775 0.9053662 0.8676704 0.01092949 -0.001494563 0 0
0.0003605523 0.1108325 0.2049905 0.2815042 0.3465682 0.4000023 0.4511664 0.4973084 0.5390688 0.5115745 0.4918664 0.01635024 -0.01322217 0.4603747 0.5524508 0.6349066 0.7098945 0.7738786 0.8370626 0.8952278 0.9494775 1 0.9547838 0.9152542 0.01020382 0.0009854732 0 0
0.0005532134 0.1067703 0.1979397 0.2716016 0.3347352 0.386214 0.4365442 0.4801751 0.5206272 0.5540081 0.5324548 0.01519048 -0.009602439 0.4367869 0.5258707 0.6040554 0.6771377 0.7380672 0.7976747 0.8544079 0.9053662 0.9547838 1 0.9581316 0.009202896 -0.0001925595 0 0
0.002825233 0.1054025 0.1921157 0.2634391 0.3230626 0.3715918 0.4198317 0.4606768 0.4993668 0.5305644 0.564832 0.01412091 -0.007979585 0.4220226 0.5087985 0.5823951 0.6525098 0.7095439 0.7648695 0.8194761 0.8676704 0.9152542 0.9581316 1 0.009109175 -0.005379147 0 0
0.004690134 0.004569669 0.006967541 0.004901179 0.002859661 -0.0011988 0.003604084 0.002062727 0.0009693079 0.0005559786 0.00254207 -0.001178854 0.01191191 0.01646725 0.01312318 0.01588688 0.01550036 0.01117709 0.00483246 0.0101465 0.01092949 0.01020382 0.009202896 0.009109175 1 -0.003298873 0 0
0.001687789 0.004016463 0.009408003 0.007557536 0.01232072 0.006006154 0.003108705 0.004288417 0.006651483 0.00632802 0.006151157 -0.00529702 0.005883655 0.002535317 0.006181814 0.01213332 0.006806384 0.01218343 0.004727112 -0.0009929611 -0.001494563 0.0009854732 -0.0001925595 -0.005379147 -0.003298873 1 0 0
0 0 0 0 0 0 0 0 0 0 0 0 0 0 0 0 0 0 0 0 0 0 0 0 0 0 1 0
0 0 0 0 0 0 0 0 0 0 0 0 0 0 0 0 0 0 0 0 0 0 0 0 0 0 0 1
