1 0.8926543 0.812217 0.01679581 0.01414338 0.009785004 0.002689688 0.002679987 -0.008154618 -0.002202036 0.00964732 0.007279327 0.001983718 0 0
0.8926543 1 0.9093669 0.02062239 0.01655056 0.01683543 0.2102982 0.1910031 -0.004892439 -0.003708043 0.006547541 0.009844999 0.002226379 0 0
0.812217 0.9093669 1 0.01971223 0.01385598 0.01838403 0.1935523 0.3467217 -0.006365846 -0.01380971 0.008237688 0.002635139 -0.009784811 0 0
0.01679581 0.02062239 0.01971223 1 0.008965708 0.0155302 0.01924313 0.01844271 0.002273033 -0.02653145 -0.006474622 0.01286434 -0.005074625 0 0
0.01414338 0.01655056 0.01385598 0.008965708 1 -0.007035328 -0.002450482 -0.003412688 0.01010495 0.000498984 -0.02200692 0.01251096 -0.005219049 0 0
0.009785004 0.01683543 0.01838403 0.0155302 -0.007035328 1 0.8954046 0.8173658 -0.002454855 0.004414674 0.003113223 0.00464716 -0.00975106 0 0
0.002689688 0.2102982 0.1935523 0.01924313 -0.002450482 0.8954046 1 0.9116908 0.0002282081 0.002209761 0.000665849 0.007387085 -0.008215484 0 0
0.002679987 0.1910031 0.3467217 0.01844271 -0.003412688 0.8173658 0.9116908 1 -0.001684478 -0.008298839 0.002859405 0.0004758018 -0.01913649 0 0
-0.008154618 -0.004892439 -0.006365846 0.002273033 0.01010495 -0.002454855 0.0002282081 -0.001684478 1 0.01872877 -0.0065572 0.004108678 0.002236222 0 0
-0.002202036 -0.003708043 -0.01380971 -0.02653145 0.000498984 0.004414674 0.002209761 -0.008298839 0.01872877 1 0.0007679667 0.007788493 0.01597079 0 0
0.00964732 0.006547541 0.008237688 -0.006474622 -0.02200692 0.003113223 0.000665849 0.002859405 -0.0065572 0.0007679667 1 0.004079163 -0.01050901 0 0
0.007279327 0.009844999 0.002635139 0.01286434 0.01251096 0.00464716 0.007387085 0.0004758018 0.004108678 0.007788493 0.004079163 1 -0.007479407 0 0
0.001983718 0.002226379 -0.009784811 -0.005074625 -0.005219049 -0.00975106 -0.008215484 -0.01913649 0.002236222 0.01597079 -0.01050901 -0.007479407 1 0 0
0 0 0 0 0 0 0 0 0 0 0 0 0 1 0
0 0 0 0 0 0 0 0 0 0 0 0 0 0 1
